0.10 0.05156
0.20 0.07734
0.30 0.11602
0.40 0.11602
0.50 0.16758
0.60 0.20625
0.70 0.23203
0.80 0.25781
0.90 0.28359
1.00 0.34805
1.10 0.36094
1.20 0.38672
1.30 0.43828
1.40 0.45117
1.50 0.48984
1.60 0.52852
1.70 0.56719
1.80 0.58008
1.90 0.63164
2.00 0.67031
2.10 0.69609
2.20 0.73477
2.30 0.74766
2.40 0.79922
2.50 0.83789
2.60 0.86367
2.70 0.88945
2.80 0.94102
2.90 0.96680
3.00 1.00547
3.10 1.05703
3.20 1.06992
3.30 1.09570
3.40 1.13437
3.50 1.17305
3.60 1.18594
3.70 1.22461
3.80 1.26328
3.90 1.27617
4.00 1.31484
4.10 1.34062
4.20 1.37930
4.30 1.41797
4.40 1.43086
4.50 1.45664
4.60 1.50820
4.70 1.53398
4.80 1.57266
4.90 1.58555
5.00 1.63711
5.10 1.67578
5.20 1.70156
5.30 1.75312
5.40 1.77891
5.50 1.80469
5.60 1.81758
5.70 1.85625
5.80 1.89492
5.90 1.92070
6.00 1.95937
6.10 1.98516
6.20 1.99805
6.30 2.03672
6.40 2.07539
6.50 2.07539
6.60 2.10117
6.70 2.12695
6.80 2.15273
6.90 2.17852
7.00 2.19141
7.10 2.19141
7.20 2.23008
7.30 2.24297
7.40 2.24297
7.50 2.26875
7.60 2.29453
7.70 2.32031
7.80 2.33320
7.90 2.33320
8.00 2.35898
8.10 2.37187
8.20 2.39766
8.30 2.41055
8.40 2.42344
8.50 2.43633
8.60 2.44922
8.70 2.46211
8.80 2.48789
8.90 2.50078
9.00 2.52656
9.10 2.52656
9.20 2.52656
9.30 2.53945
9.40 2.55234
9.50 2.57812
9.60 2.59102
9.70 2.59102
9.80 2.60391
9.90 2.62969
10.00 2.62969
10.10 2.64258
10.20 2.64258
10.30 2.65547
10.40 2.68125
10.50 2.69414
10.60 2.70703
10.70 2.71992
10.80 2.71992
10.90 2.71992
11.00 2.73281
11.10 2.73281
11.20 2.77148
11.30 2.77148
11.40 2.77148
11.50 2.78437
11.60 2.79727
11.70 2.78437
11.80 2.81016
11.90 2.70703
12.00 2.83594
12.10 2.83594
12.20 2.83594
12.30 2.84883
12.40 2.83594
12.50 2.86172
12.60 2.86172
12.70 2.87461
12.80 2.87461
12.90 2.87461
13.00 2.88750
13.10 2.88750
13.20 2.90039
13.30 2.90039
13.40 2.91328
13.50 2.91328
13.60 2.92617
13.70 2.91328
13.80 2.93906
13.90 2.95195
14.00 2.95195
14.10 2.93906
14.20 2.93906
14.30 2.96484
14.40 2.95195
14.50 2.95195
14.60 2.97773
14.70 2.97773
14.80 2.97773
14.90 2.97773
15.00 2.97773
15.10 2.99062
15.20 3.00352
15.30 2.90039
15.40 2.82305
15.50 2.77148
15.60 2.70703
15.70 2.65547
15.80 2.60391
15.90 2.55234
16.00 2.50078
16.10 2.44922
16.20 2.38477
16.30 2.35898
16.40 2.29453
16.50 2.25586
16.60 2.23008
16.70 2.17852
16.80 2.13984
16.90 2.10117
17.00 2.07539
17.10 2.02383
17.20 1.98516
17.30 1.93359
17.40 1.88203
17.50 1.84336
17.60 1.80469
17.70 1.76602
17.80 1.72734
17.90 1.70156
18.00 1.66289
18.10 1.62422
18.20 1.58555
18.30 1.57266
18.40 1.54688
18.50 1.49531
18.60 1.48242
18.70 1.45664
18.80 1.41797
18.90 1.41797
19.00 1.39219
19.10 1.35352
19.20 1.34062
19.30 1.31484
19.40 1.30195
19.50 1.28906
19.60 1.26328
19.70 1.23750
19.80 1.22461
19.90 1.19883
20.00 1.18594
20.10 1.16016
20.20 1.16016
20.30 1.13437
20.40 1.13437
20.50 1.12148
20.60 1.08281
20.70 1.08281
20.80 1.06992
20.90 1.05703
21.00 1.03125
21.10 1.03125
21.20 1.01836
21.30 1.00547
21.40 0.96680
21.50 0.96680
21.60 0.94102
21.70 0.94102
21.80 0.91523
21.90 0.90234
22.00 0.90234
22.10 0.88945
22.20 0.87656
22.30 0.86367
22.40 0.85078
22.50 0.82500
22.60 0.83789
22.70 0.81211
22.80 0.81211
22.90 0.79922
23.00 0.78633
23.10 0.78633
23.20 0.77344
23.30 0.73477
23.40 0.74766
23.50 0.74766
23.60 0.72187
23.70 0.72187
23.80 0.69609
23.90 0.70898
24.00 0.68320
24.10 0.69609
24.20 0.67031
24.30 0.68320
24.40 0.67031
24.50 0.67031
24.60 0.64453
24.70 0.64453
24.80 0.61875
24.90 0.63164
25.00 0.63164
25.10 0.60586
25.20 0.61875
25.30 0.60586
25.40 0.59297
25.50 0.59297
25.60 0.58008
25.70 0.56719
25.80 0.56719
25.90 0.56719
26.00 0.55430
26.10 0.55430
26.20 0.54141
26.30 0.54141
26.40 0.54141
26.50 0.50273
26.60 0.51562
26.70 0.51562
26.80 0.50273
26.90 0.50273
27.00 0.51562
27.10 0.48984
27.20 0.24492
27.30 0.47695
27.40 0.47695
27.50 0.47695
27.60 0.45117
27.70 0.45117
27.80 0.45117
27.90 0.45117
28.00 0.43828
28.10 0.45117
28.20 0.42539
28.30 0.43828
28.40 0.42539
28.50 0.43828
28.60 0.41250
28.70 0.39961
28.80 0.39961
28.90 0.39961
29.00 0.39961
29.10 0.39961
29.20 0.38672
29.30 0.37383
29.40 0.37383
29.50 0.38672
29.60 0.36094
29.70 0.38672
29.80 0.37383
29.90 0.37383
30.00 0.36094
30.10 0.34805
30.20 0.34805
30.30 0.36094
30.40 0.34805
30.50 0.36094
30.60 0.34805
30.70 0.33516
30.80 0.33516
30.90 0.33516
31.00 0.33516
31.10 0.33516
31.20 0.32227
31.30 0.32227
31.40 0.30937
31.50 0.32227
31.60 0.30937
31.70 0.30937
31.80 0.30937
31.90 0.30937
32.00 0.29648
32.10 0.30937
32.20 0.29648
32.30 0.28359
32.40 0.28359
32.50 0.28359
32.60 0.27070
32.70 0.27070
32.80 0.27070
32.90 0.28359
33.00 0.27070
33.10 0.25781
33.20 0.25781
33.30 0.27070
33.40 0.25781
33.50 0.24492
33.60 0.25781
33.70 0.25781
33.80 0.25781
33.90 0.24492
34.00 0.24492
34.10 0.23203
34.20 0.23203
34.30 0.24492
34.40 0.24492
34.50 0.23203
34.60 0.23203
34.70 0.24492
34.80 0.23203
34.90 0.21914
35.00 0.21914
35.10 0.21914
35.20 0.21914
35.30 0.21914
35.40 0.21914
