1
5
7
9
11
15
17
19
23
23
27
27
31
31
37
39
41
43
45
47
49
51
53
55
57
59
61
63
63
67
69
71
73
75
75
79
79
81
83
85
87
89
91
93
95
95
97
99
101
103
103
105
107
109
111
111
113
115
115
117
119
119
121
123
123
125
127
127
127
131
131
133
133
135
137
137
139
139
141
143
143
143
145
147
147
147
149
151
151
153
153
155
155
157
157
159
159
159
159
163
163
163
165
165
167
167
167
169
169
171
171
173
173
173
173
175
177
177
177
179
179
179
181
181
183
183
183
183
185
185
187
187
187
189
189
189
189
191
193
193
193
193
193
193
193
195
197
197
197
197
197
199
199
199
199
201
201
201
203
203
203
205
205
205
205
205
207
207
207
207
207
209
209
209
209
209
211
211
211
211
211
213
213
213
215
213
215
215
215
215
217
217
217
217
217
217
217
217
219
219
219
219
219
219
221
221
221
221
221
221
223
223
223
223
223
225
225
225
225
225
225
225
225
225
225
225
225
227
227
227
227
227
227
227
227
227
229
227
229
229
229
229
229
229
231
229
231
231
231
231
231
231
231
231
231
231
233
233
233
233
233
233
233
233
233
233
235
235
235
235
235
235
235
235
235
235
237
235
235
237
237
237
237
237
237
237
237
237
237
239
237
237
239
237
237
239
239
239
239
239
239
239
239
239
241
239
239
241
241
239
239
239
239
241
241
241
241
241
241
241
241
241
241
241
241
241
241
241
241
241
241
241
241
243
241
243
243
243
243
243
243
243
243
243
243
243
243
243
243
243
243
243
243
243
243
243
243
243
245
245
243
243
245
245
243
245
245
245
245
245
245
245
245
245
245
245
245
245
245
245
245
245
245
247
243
241
241
237
235
233
229
229
225
225
221
219
217
217
213
213
211
209
207
205
203
201
199
197
195
193
193
191
189
187
185
183
183
179
179
177
177
175
173
171
169
167
167
165
163
161
159
159
157
155
155
153
153
151
149
147
147
145
145
143
141
141
139
137
137
135
135
133
133
131
131
129
129
127
127
125
125
123
121
121
121
119
119
117
117
115
113
113
113
111
111
109
109
107
107
105
105
105
103
103
101
101
99
99
97
97
97
97
95
93
93
93
91
91
89
89
89
89
87
87
85
85
85
83
83
81
81
81
79
79
79
79
77
77
77
75
75
75
73
73
73
73
71
71
69
69
69
69
67
67
67
65
65
63
63
63
63
63
63
63
61
61
61
59
59
59
57
57
57
57
57
55
55
55
55
53
53
53
51
51
51
51
51
49
49
49
49
49
47
49
47
47
47
45
45
45
45
45
43
43
43
43
43
41
41
41
41
41
39
39
39
39
39
39
39
37
37
37
37
37
35
35
35
35
35
33
35
33
33
33
33
31
31
31
31
31
31
31
31
31
31
31
29
29
29
29
29
29
29
29
27
27
27
27
27
27
25
25
25
25
25
25
25
25
25
25
23
23
23
23
23
23
23
23
23
23
23
21
21
21
21
21
21
21
21
21
19
21
19
19
19
19
19
19
19
19
19
19
19
19
17
17
17
17
17
17
17
17
17
17
15
15
15
15
15
15
15
15
15
15
15
15
15
15
15
15
15
13
13
13
13
13
13
13
13
13
13
13
13
13
13
13
13
13
11
13
11
11
11
11
11
11
11
11
11
11
11
11
11
11
11
11
11
9
9
9
9
9
9
9
9
9
9
9
9
9
9
9
9
9
9
9
9
9
9
7
9
9
9
9
7
7
9
7
7
7
7
7
7
7
7
7
7
7
7
7
7
7
7
7
7
7
7
7
5
7
7
7
7
7
7
7
7
7
5
5
5
7
5
5
5
5
5
5
5
5
5
5
5
5
5
5
5
5
5
5
5
5
5
5
5
5
5
5
5
5
3
5
5
5
3
3
3
3
3
3
3
3
3
3
3
3
3
3
3
3
3
3
3
3
3
3
3
3
3
3
3
3
3
3
3
3
3
3
3
3
3
3
3
3
3
3
3
3
3
3
3
3
3
3
3
3
3
1
