0.00 0.00000
0.10 0.02578
0.20 0.06445
0.30 0.09023
0.40 0.10312
0.50 0.15469
0.60 0.18047
0.70 0.21914
0.80 0.24492
0.90 0.28359
1.00 0.29648
1.10 0.34805
1.20 0.34805
1.30 0.39961
1.40 0.42539
1.50 0.46406
1.60 0.48984
1.70 0.52852
1.80 0.55430
1.90 0.59297
2.00 0.61875
2.10 0.68320
2.20 0.69609
2.30 0.73477
2.40 0.77344
2.50 0.81211
2.60 0.82500
2.70 0.85078
2.80 0.88945
2.90 0.92812
3.00 0.96680
3.10 1.00547
3.20 1.04414
3.30 1.08281
3.40 1.09570
3.50 1.12148
3.60 1.16016
3.70 1.18594
3.80 1.21172
3.90 1.25039
4.00 1.27617
4.10 1.30195
4.20 1.34062
4.30 1.37930
4.40 1.40508
4.50 1.43086
4.60 1.45664
4.70 1.50820
4.80 1.53398
4.90 1.55977
5.00 1.61133
5.10 1.63711
5.20 1.66289
5.30 1.68867
5.40 1.74023
5.50 1.75312
5.60 1.81758
5.70 1.81758
5.80 1.85625
5.90 1.88203
6.00 1.92070
6.10 0.06445
6.20 1.97227
6.30 2.02383
6.40 2.03672
6.50 2.06250
6.60 2.08828
6.70 2.10117
6.80 2.12695
6.90 2.12695
7.00 2.15273
7.10 2.16562
7.20 2.21719
7.30 2.23008
7.40 2.21719
7.50 2.24297
7.60 2.26875
7.70 2.29453
7.80 2.30742
7.90 2.32031
8.00 2.32031
8.10 2.34609
8.20 2.35898
8.30 2.38477
8.40 2.41055
8.50 2.42344
8.60 2.42344
8.70 2.44922
8.80 2.46211
8.90 2.47500
9.00 2.47500
9.10 2.50078
9.20 2.50078
9.30 2.52656
9.40 2.52656
9.50 2.56523
9.60 2.57812
9.70 2.56523
9.80 2.57812
9.90 2.60391
10.00 2.60391
10.10 2.62969
10.20 2.61680
10.30 2.65547
10.40 2.65547
10.50 2.66836
10.60 2.66836
10.70 2.69414
10.80 2.69414
10.90 2.71992
11.00 2.73281
11.10 2.73281
11.20 2.74570
11.30 2.75859
11.40 2.77148
11.50 2.78437
11.60 2.78437
11.70 2.77148
11.80 2.78437
11.90 2.79727
12.00 2.81016
12.10 2.82305
12.20 2.82305
12.30 2.82305
12.40 2.82305
12.50 2.84883
12.60 2.84883
12.70 2.86172
12.80 2.87461
12.90 2.84883
13.00 2.88750
13.10 2.88750
13.20 2.87461
13.30 2.90039
13.40 2.88750
13.50 2.90039
13.60 2.91328
13.70 2.92617
13.80 2.92617
13.90 2.92617
14.00 2.92617
14.10 2.92617
14.20 2.93906
14.30 2.95195
14.40 0.92812
14.50 2.93906
14.60 2.93906
14.70 2.95195
14.80 2.96484
14.90 2.96484
15.00 2.97773
15.10 2.97773
15.20 2.97773
15.30 2.97773
15.40 2.99062
15.50 3.00352
